1 1 2.9048214594481636 0.06278278095982037 0.1254612257687688 0.14370651460557818 0.6610095311733859 0.09463032431868135
2 1 3.983582932286877 0.014907697587399732 0.02979062067833956 0.043184045812781714 0.33402619775046466 0.03187930750250583
3 1 4.445585579776784 0.003538140812781218 0.00707040173320971 0.01483739819517408 0.2115456911867254 0.016287066618557246
4 1 4.719791031351854 0.0009663331706742818 0.0019310604315442089 0.006443161614282506 0.11077703310913474 0.008431607093373268
5 1 4.858693511190646 0.00024488642858273824 0.0004893658903671206 0.0015527003314248244 0.06000474147271678 0.00418756097114016
6 1 4.929717672383997 6.010656315339774e-05 0.00012011323765347857 0.0007465377844520375 0.031610350881227996 0.001905941537278058
1 2 4.641206448711159 0.010536148681349616 0.021054787765615122 0.04767673023912215 0.6610095311733859 0.09463032431868135 
2 2 4.926331750649493 0.0016545989788388756 0.0033064482469123235 0.021122339598014416 0.33402619775046466 0.03187930750250583 
3 2 4.979374335870697 0.0004124437579028723 0.0008242020922948255 0.0061880581536546434 0.2115456911867254 0.016287066618557246 
4 2 4.994721993692711 0.00010370771645727528 0.00020724308527742062 0.002217426598512312 0.11077703310913474 0.008431607093373268 
1 3 4.944002501300569 0.008529330436751881 0.017044486326061287 0.09994775261005796 0.6610095311733859 0.09463032431868135 
2 3 4.993865685512079 0.0015686463719217748 0.0031346858742206463 0.028620487483976262 0.33402619775046466 0.03187930750250583 
3 3 4.998798829022068 0.00041283215433374746 0.0008249782396963399 0.010028621403313592 0.2115456911867254 0.016287066618557246 
4 3 4.999767311490837 0.00010327167482917536 0.00020637172666107268 0.003139076410317917 0.11077703310913474 0.008431607093373268 
